[gd_scene format=3 uid="uid://bkq5padckuq73"]

[ext_resource type="Script" uid="uid://c1g6v10gllcpb" path="res://game/enemies/enemy_basic.gd" id="1_le8aq"]
[ext_resource type="PackedScene" uid="uid://chliyextkyh72" path="res://assets/third_party/Ultimate Space Kit-glb/Astronaut-0D54W8yfrA.glb" id="2_8lm3d"]

[sub_resource type="CapsuleShape3D" id="CapsuleShape3D_4lji1"]

[sub_resource type="CapsuleShape3D" id="CapsuleShape3D_le8aq"]
radius = 0.035745952
height = 0.35745952

[sub_resource type="CapsuleShape3D" id="CapsuleShape3D_8lm3d"]
radius = 0.026654795
height = 0.26654795

[sub_resource type="CapsuleShape3D" id="CapsuleShape3D_2yjbs"]
radius = 0.03143381
height = 0.3143381

[sub_resource type="CapsuleShape3D" id="CapsuleShape3D_m7tq7"]
radius = 0.029857855
height = 0.29857856

[sub_resource type="CapsuleShape3D" id="CapsuleShape3D_x2xl1"]
radius = 0.05667612
height = 0.5667612

[sub_resource type="CapsuleShape3D" id="CapsuleShape3D_40foh"]
radius = 0.01617239
height = 0.16172391

[sub_resource type="CapsuleShape3D" id="CapsuleShape3D_hcs40"]
radius = 0.025953168
height = 0.25953168

[sub_resource type="CapsuleShape3D" id="CapsuleShape3D_2e5qg"]
radius = 0.083890125
height = 0.8389013

[sub_resource type="CapsuleShape3D" id="CapsuleShape3D_y78n5"]
radius = 0.053405404
height = 0.53405404

[sub_resource type="CapsuleShape3D" id="CapsuleShape3D_ah6y7"]
radius = 0.025953153
height = 0.25953153

[sub_resource type="CapsuleShape3D" id="CapsuleShape3D_5u8p5"]
radius = 0.083890095
height = 0.838901

[sub_resource type="CapsuleShape3D" id="CapsuleShape3D_h7ksf"]
radius = 0.053405385
height = 0.53405386

[sub_resource type="CapsuleShape3D" id="CapsuleShape3D_um86q"]
radius = 0.042269118
height = 0.42269117

[sub_resource type="CapsuleShape3D" id="CapsuleShape3D_d8xg8"]
radius = 0.042269103
height = 0.42269105

[node name="EnemyAstronaut" type="CharacterBody3D" unique_id=1330989009]
script = ExtResource("1_le8aq")
role = 1
detection_radius = 30.0
move_speed = 9.0

[node name="CollisionShape3D" type="CollisionShape3D" parent="." unique_id=217705764]
transform = Transform3D(1, 0, 0, 0, 1, 0, 0, 0, 1, 0, 1.1570644, 0)
shape = SubResource("CapsuleShape3D_4lji1")

[node name="EnemyModel" parent="." unique_id=1666102026 instance=ExtResource("2_8lm3d")]

[node name="CharacterArmature" parent="EnemyModel/RootNode" parent_id_path=PackedInt32Array(1666102026, 1412651511) index="0" unique_id=266792247]
transform = Transform3D(-0.9999433, -0.010648677, -4.6546847e-10, 0, -4.371139e-08, 1, -0.010648677, 0.9999433, 4.3708912e-08, 0, 0, 0)

[node name="Skeleton3D" parent="EnemyModel/RootNode/CharacterArmature" index="0" unique_id=1204532960]
bones/1/rotation = Quaternion(1.1700295e-05, 0.70580643, 0.70840484, 1.2026702e-05)
bones/2/position = Vector3(0.0021529803, 0.8374705, 0.16757363)
bones/2/rotation = Quaternion(-3.5527033e-15, 1.1920933e-07, 9.0277966e-36, 1)
bones/4/rotation = Quaternion(0.16683148, 4.3189968e-07, 1.0312022e-07, 0.98598546)
bones/5/rotation = Quaternion(-0.0053697904, -8.3232055e-07, -1.2004683e-09, 0.99998564)
bones/6/rotation = Quaternion(-0.0017300574, 1.0356428e-06, -7.517622e-10, 0.9999985)
bones/7/rotation = Quaternion(0.01563703, -0.00027579907, -4.290334e-06, 0.99987775)
bones/8/position = Vector3(0.17719388, 0.25824636, 0.09999031)
bones/8/rotation = Quaternion(-0.04222673, 0.008971402, -0.41033655, 0.9109118)
bones/9/rotation = Quaternion(0.5204656, 0.50334305, 0.48082256, -0.49454117)
bones/10/rotation = Quaternion(0.022454023, 0.2659924, -0.20974976, 0.940611)
bones/18/rotation = Quaternion(0.04225395, 0.025641711, 0.23230468, 0.9713865)
bones/19/rotation = Quaternion(-0.076612115, -0.0015270268, -0.019867515, 0.99686193)
bones/22/position = Vector3(-0.17591701, 0.25824636, 0.0999905)
bones/22/rotation = Quaternion(-0.042226482, -0.008970842, 0.4103367, 0.9109118)
bones/23/rotation = Quaternion(0.52046585, -0.50334287, -0.48082283, -0.49454102)
bones/24/rotation = Quaternion(0.022454133, -0.26599246, 0.20974979, 0.940611)
bones/32/rotation = Quaternion(0.042253986, -0.025641752, -0.23230468, 0.9713865)
bones/33/rotation = Quaternion(-0.07661222, 0.0015270492, 0.019867556, 0.9968619)
bones/36/rotation = Quaternion(0.96503985, 0.008727484, 0.002116871, 0.26194936)
bones/36/scale = Vector3(0.99997604, 0.99998355, 0.9999317)
bones/37/rotation = Quaternion(0.5170186, 0.0063197985, 0.008505981, 0.85590863)
bones/37/scale = Vector3(1.000008, 1.000047, 1.0000012)
bones/38/rotation = Quaternion(0.9650399, -0.00872758, -0.0021160014, 0.26194924)
bones/38/scale = Vector3(0.99997616, 0.9999837, 0.999932)
bones/39/rotation = Quaternion(0.5170186, -0.00631982, -0.008506015, 0.85590863)
bones/39/scale = Vector3(1.000008, 1.0000468, 1.0000012)
bones/41/rotation = Quaternion(-1.2070909e-05, 0.70580643, 0.70840484, -1.1657449e-05)

[node name="Foot_L" parent="EnemyModel/RootNode/CharacterArmature/Skeleton3D" index="0" unique_id=1743295984]
transform = Transform3D(-1, -4.642763e-08, 3.355589e-05, -7.686748e-08, -0.9999933, -0.0036742687, 3.355583e-05, -0.003674388, 0.9999933, 0.350608, 0.2804951, 0.041173443)

[node name="Head" parent="EnemyModel/RootNode/CharacterArmature/Skeleton3D" index="1" unique_id=1314308606]
transform = Transform3D(0.99999976, 2.2545521e-11, -0.0005502029, -0.0005329997, -0.24810566, -0.9687327, -0.00013650852, 0.96873254, -0.24810567, -0.0006383768, 0.06461947, 1.9665769)

[node name="Pinky3_L" parent="EnemyModel/RootNode/CharacterArmature/Skeleton3D" index="2" unique_id=1895371569]
transform = Transform3D(-0.3710709, 0.5363427, 0.758052, -0.84340924, 0.1469096, -0.51679593, -0.38854483, -0.8311162, 0.39784214, 1.5113902, 0.14369948, 0.41722667)

[node name="Middle3_L" parent="EnemyModel/RootNode/CharacterArmature/Skeleton3D" index="3" unique_id=1682113122]
transform = Transform3D(-0.54215854, 0.5118322, 0.66640246, -0.82127637, -0.15507713, -0.54905015, -0.17767763, -0.8449729, 0.50443155, 1.4564955, -0.010725256, 0.33464664)

[node name="Index3_L" parent="EnemyModel/RootNode/CharacterArmature/Skeleton3D" index="4" unique_id=1847534791]
transform = Transform3D(-0.64670926, 0.43423182, 0.62706447, -0.76271236, -0.3616118, -0.53619623, -0.0060793813, -0.8250329, 0.5650515, 1.3386493, -0.15947181, 0.35638607)

[node name="Thumb2_L" parent="EnemyModel/RootNode/CharacterArmature/Skeleton3D" index="5" unique_id=549964171]
transform = Transform3D(-0.75042605, -0.20892824, 0.62706465, -0.22126311, -0.8145773, -0.5361963, 0.62281907, -0.54112184, 0.56505156, 1.1022533, -0.15967162, 0.570487)

[node name="Pinky3_R" parent="EnemyModel/RootNode/CharacterArmature/Skeleton3D" index="6" unique_id=1208747971]
transform = Transform3D(-0.37107107, -0.5363422, -0.75805223, 0.8434092, 0.14690936, -0.51679605, 0.38854423, -0.83111644, 0.39784193, -1.5113884, 0.14369941, 0.4172263)

[node name="Middle1_R" parent="EnemyModel/RootNode/CharacterArmature/Skeleton3D" index="7" unique_id=151971400]
transform = Transform3D(-0.55730206, -0.61098385, -0.5622391, 0.8154397, -0.27516782, -0.50925493, 0.15643637, -0.7422809, 0.6515719, -1.2383864, 0.07702592, 0.6322323)

[node name="Middle3_R" parent="EnemyModel/RootNode/CharacterArmature/Skeleton3D" index="8" unique_id=1596463410]
transform = Transform3D(-0.5421586, -0.51183105, -0.6664029, 0.82127637, -0.15507707, -0.5490502, 0.17767712, -0.844973, 0.50443095, -1.4564934, -0.010725097, 0.33464617)

[node name="Index3_R" parent="EnemyModel/RootNode/CharacterArmature/Skeleton3D" index="9" unique_id=938026277]
transform = Transform3D(-0.64670914, -0.43423086, -0.6270648, 0.7627123, -0.36161196, -0.53619623, 0.0060787443, -0.82503307, 0.56505096, -1.3386476, -0.15947184, 0.35638592)

[node name="Thumb2_R" parent="EnemyModel/RootNode/CharacterArmature/Skeleton3D" index="10" unique_id=1158897339]
transform = Transform3D(-0.7504252, 0.20892866, -0.6270648, 0.221263, -0.8145772, -0.53619623, -0.62281936, -0.5411215, 0.5650511, -1.1022515, -0.15967163, 0.57048696)

[node name="LowerLeg_L" parent="EnemyModel/RootNode/CharacterArmature/Skeleton3D" index="11" unique_id=436672214]
transform = Transform3D(0.9999126, 0.0069595384, 0.009713122, -0.011924188, 0.5284057, 0.8488599, 0.0007748584, -0.8489516, 0.52847856, 0.34701666, 0.0057632923, 0.47162205)

[node name="LowerLeg_R" parent="EnemyModel/RootNode/CharacterArmature/Skeleton3D" index="12" unique_id=1915977960]
transform = Transform3D(0.99991274, -0.006959119, -0.009713082, 0.011923932, 0.5284062, 0.8488601, -0.0007745145, -0.8489516, 0.528479, -0.34701672, 0.0057634115, 0.47162196)

[node name="PoleTarget_L" parent="EnemyModel/RootNode/CharacterArmature/Skeleton3D" index="13" unique_id=786532586]
transform = Transform3D(1, -7.1054274e-14, 7.152558e-07, 7.1525574e-07, 3.5762787e-07, -1, -1.8474117e-13, 1, 3.5762787e-07, 0.34717786, -1.6221495, 0.59993386)

[node name="Foot_R" parent="EnemyModel/RootNode/CharacterArmature/Skeleton3D" index="14" unique_id=1388636581]
transform = Transform3D(-1, -4.622936e-08, -3.3556233e-05, 1.6952703e-07, -0.9999933, -0.0036742687, -3.3555832e-05, -0.003674388, 0.9999933, -0.350608, 0.2804951, 0.041173443)

[node name="PoleTarget_R" parent="EnemyModel/RootNode/CharacterArmature/Skeleton3D" index="15" unique_id=1613773897]
transform = Transform3D(1, -7.105428e-14, -7.1525596e-07, -7.152558e-07, 3.5762787e-07, -1, 3.2684963e-13, 1, 3.5762787e-07, -0.34717786, -1.6221495, 0.59993386)

[node name="PhysicalBoneSimulator3D" type="PhysicalBoneSimulator3D" parent="EnemyModel/RootNode/CharacterArmature/Skeleton3D" index="17" unique_id=1402323206]

[node name="Physical Bone Root" type="PhysicalBone3D" parent="EnemyModel/RootNode/CharacterArmature/Skeleton3D/PhysicalBoneSimulator3D" unique_id=1400829401]
transform = Transform3D(0.12699102, -0.12096445, -0.9845004, -0.9919039, -0.015486428, -0.1260432, 3.532246e-07, 0.99253607, -0.121951744, 0.17468747, 0.25796598, 0.019379037)
joint_offset = Transform3D(1, 0, 0, 0, 1, 0, 0, 0, 1, -6.22496e-06, 6.734306e-06, 0.17876817)
body_offset = Transform3D(0.12699056, -0.12096446, -0.9845005, -1.507857e-09, 0.9925362, -0.1219518, 0.99190414, 0.015486727, 0.12604271, 0.17599896, 0.021794416, -0.022526354)
bone_name = "Root"

[node name="CollisionShape3D" type="CollisionShape3D" parent="EnemyModel/RootNode/CharacterArmature/Skeleton3D/PhysicalBoneSimulator3D/Physical Bone Root" unique_id=698806190]
transform = Transform3D(1, 0, 0, 0, 0, 1, 0, -1, 0, 0, 0, 0)
shape = SubResource("CapsuleShape3D_le8aq")

[node name="Physical Bone Body" type="PhysicalBone3D" parent="EnemyModel/RootNode/CharacterArmature/Skeleton3D/PhysicalBoneSimulator3D" unique_id=400777388]
transform = Transform3D(0.99997115, -0.0052063596, 0.005551996, 0.007611232, 0.6840169, -0.72942644, -2.7211777e-09, 0.7294477, 0.6840366, 0.00010160718, 0.16511883, 0.7439324)
joint_type = 1
joint_offset = Transform3D(1, 0, 0, 0, 1, 0, 0, 0, 1, -2.498855e-07, -5.71087e-05, 0.13327396)
body_offset = Transform3D(0.9999712, -0.0052058706, 0.0055514737, 7.398526e-13, 0.72944796, 0.6840364, -0.007610517, -0.6840166, 0.7294266, -0.00073991425, -0.09112257, -0.09725263)
bone_name = "Body"
joint_constraints/bias = 0.3
joint_constraints/damping = 1.0
joint_constraints/impulse_clamp = 0.0

[node name="CollisionShape3D" type="CollisionShape3D" parent="EnemyModel/RootNode/CharacterArmature/Skeleton3D/PhysicalBoneSimulator3D/Physical Bone Body" unique_id=755059825]
transform = Transform3D(1, 0, 0, 0, 0, 1, 0, -1, 0, 0, 0, 0)
shape = SubResource("CapsuleShape3D_8lm3d")

[node name="Physical Bone Hips" type="PhysicalBone3D" parent="EnemyModel/RootNode/CharacterArmature/Skeleton3D/PhysicalBoneSimulator3D" unique_id=358793603]
transform = Transform3D(1, 1.7974526e-07, -1.1641532e-10, 1.7881393e-07, -0.99484503, -0.10140728, -1.8300554e-08, 0.10140727, -0.994845, -0.00063921185, 0.2783106, 0.8091686)
joint_type = 1
joint_offset = Transform3D(1, 0, 0, 0, 1, 0, 0, 0, 1, 8.349491e-07, 1.0883119e-06, 0.15716916)
body_offset = Transform3D(0.99999994, 9.313226e-10, -1.1641532e-10, 0, 1.7881393e-07, -1, 0, 1.0000001, 1.8626451e-07, -8.349307e-07, 0.15716916, -1.1175871e-06)
bone_name = "Hips"
joint_constraints/bias = 0.3
joint_constraints/damping = 1.0
joint_constraints/impulse_clamp = 0.0

[node name="CollisionShape3D" type="CollisionShape3D" parent="EnemyModel/RootNode/CharacterArmature/Skeleton3D/PhysicalBoneSimulator3D/Physical Bone Hips" unique_id=281931351]
transform = Transform3D(1, 0, 0, 0, 0, 1, 0, -1, 0, 0, 0, 0)
shape = SubResource("CapsuleShape3D_2yjbs")

[node name="Physical Bone Abdomen" type="PhysicalBone3D" parent="EnemyModel/RootNode/CharacterArmature/Skeleton3D/PhysicalBoneSimulator3D" unique_id=1049350638]
transform = Transform3D(1, 1.0561198e-06, 2.3283064e-10, 1.0272488e-06, -0.97282815, 0.23152865, 2.4471512e-07, -0.23152865, -0.97282815, -0.00064378325, 0.2596829, 1.1107602)
joint_type = 1
joint_offset = Transform3D(1, 0, 0, 0, 1, 0, 0, 0, 1, 5.4069565e-06, 1.7214016e-07, 0.14928924)
body_offset = Transform3D(1, 0, 4.656613e-10, 2.3283064e-10, 4.4703484e-08, -1.0000001, 0, 1.0000001, 4.4703484e-08, -5.407026e-06, 0.14928925, -1.7881393e-07)
bone_name = "Abdomen"
joint_constraints/bias = 0.3
joint_constraints/damping = 1.0
joint_constraints/impulse_clamp = 0.0

[node name="CollisionShape3D" type="CollisionShape3D" parent="EnemyModel/RootNode/CharacterArmature/Skeleton3D/PhysicalBoneSimulator3D/Physical Bone Abdomen" unique_id=288327993]
transform = Transform3D(1, 0, 0, 0, 0, 1, 0, -1, 0, 0, 0, 0)
shape = SubResource("CapsuleShape3D_m7tq7")

[node name="Physical Bone Torso" type="PhysicalBone3D" parent="EnemyModel/RootNode/CharacterArmature/Skeleton3D/PhysicalBoneSimulator3D" unique_id=2137984085]
transform = Transform3D(1, -6.0815364e-07, -4.656613e-10, -5.932525e-07, -0.9752585, 0.22106777, -1.3524185e-07, -0.2210678, -0.97525847, -0.0006383681, 0.16246656, 1.5323666)
joint_type = 1
joint_offset = Transform3D(1, 0, 0, 0, 1, 0, 0, 0, 1, -8.832014e-09, -4.095828e-06, 0.2833859)
body_offset = Transform3D(1, 9.313226e-10, -4.656613e-10, -6.9849193e-10, -8.940697e-08, -1.0000004, 0, 1.0000004, -5.9604645e-08, 8.96398e-09, 0.283386, 4.1127205e-06)
bone_name = "Torso"
joint_constraints/bias = 0.3
joint_constraints/damping = 1.0
joint_constraints/impulse_clamp = 0.0

[node name="CollisionShape3D" type="CollisionShape3D" parent="EnemyModel/RootNode/CharacterArmature/Skeleton3D/PhysicalBoneSimulator3D/Physical Bone Torso" unique_id=617231249]
transform = Transform3D(1, 0, 0, 0, 0, 1, 0, -1, 0, 0, 0, 0)
shape = SubResource("CapsuleShape3D_x2xl1")

[node name="Physical Bone Neck" type="PhysicalBone3D" parent="EnemyModel/RootNode/CharacterArmature/Skeleton3D/PhysicalBoneSimulator3D" unique_id=1346719847]
transform = Transform3D(1, 1.4612451e-06, -2.3283064e-10, 1.4277175e-06, -0.9760176, 0.2176918, 3.1814403e-07, -0.21769181, -0.9760176, -0.00063834584, 0.08223054, 1.887629)
joint_type = 1
joint_offset = Transform3D(1, 0, 0, 0, 1, 0, 0, 0, 1, -3.1082887e-08, 2.3745495e-06, 0.08083556)
body_offset = Transform3D(1, -1.8626451e-09, 0, -2.3283064e-10, 1.0430813e-07, -1.0000002, 0, 1, 1.1920929e-07, 3.108289e-08, 0.08083558, -2.3841858e-06)
bone_name = "Neck"
joint_constraints/bias = 0.3
joint_constraints/damping = 1.0
joint_constraints/impulse_clamp = 0.0

[node name="CollisionShape3D" type="CollisionShape3D" parent="EnemyModel/RootNode/CharacterArmature/Skeleton3D/PhysicalBoneSimulator3D/Physical Bone Neck" unique_id=267397688]
transform = Transform3D(1, 0, 0, 0, 0, 1, 0, -1, 0, 0, 0, 0)
shape = SubResource("CapsuleShape3D_40foh")

[node name="Physical Bone Shoulder_L" type="PhysicalBone3D" parent="EnemyModel/RootNode/CharacterArmature/Skeleton3D/PhysicalBoneSimulator3D" unique_id=1081343819]
transform = Transform3D(0.6630869, 0.050998613, -0.74680316, 0.1475723, -0.98700255, 0.06362787, -0.7338517, -0.15239826, -0.6619944, 0.2734646, 0.062253837, 1.5716491)
joint_type = 1
joint_offset = Transform3D(1, 0, 0, 0, 1, 0, 0, 0, 1, 1.573027e-07, -1.0970541e-06, 0.12976536)
body_offset = Transform3D(1.0000002, 6.4074993e-07, 1.6577542e-07, -5.5879354e-08, 1.7881393e-07, -1.0000002, -6.4074993e-07, 1.0000001, 1.8626451e-07, -1.7881393e-07, 0.12976539, 1.0728836e-06)
bone_name = "Shoulder.L"
joint_constraints/bias = 0.3
joint_constraints/damping = 1.0
joint_constraints/impulse_clamp = 0.0

[node name="CollisionShape3D" type="CollisionShape3D" parent="EnemyModel/RootNode/CharacterArmature/Skeleton3D/PhysicalBoneSimulator3D/Physical Bone Shoulder_L" unique_id=1276998896]
transform = Transform3D(1, 0, 0, 0, 0, 1, 0, -1, 0, 0, 0, 0)
shape = SubResource("CapsuleShape3D_hcs40")

[node name="Physical Bone UpperArm_L" type="PhysicalBone3D" parent="EnemyModel/RootNode/CharacterArmature/Skeleton3D/PhysicalBoneSimulator3D" unique_id=549749320]
transform = Transform3D(0.10753527, 0.7452105, -0.6581014, -0.98389125, -0.015313966, -0.17811106, -0.14280838, 0.6666534, 0.73155934, 0.6464154, 0.12870723, 1.3507)
joint_type = 1
joint_offset = Transform3D(1, 0, 0, 0, 1, 0, 0, 0, 1, 2.1821842e-07, 5.0425183e-07, 0.41945094)
body_offset = Transform3D(1.0000001, 2.2351742e-08, 1.1920929e-07, 1.0430813e-07, -9.941868e-07, -1, 0, 1.0000001, -6.33765e-07, -2.682209e-07, 0.41945094, -2.3841858e-07)
bone_name = "UpperArm.L"
joint_constraints/bias = 0.3
joint_constraints/damping = 1.0
joint_constraints/impulse_clamp = 0.0

[node name="CollisionShape3D" type="CollisionShape3D" parent="EnemyModel/RootNode/CharacterArmature/Skeleton3D/PhysicalBoneSimulator3D/Physical Bone UpperArm_L" unique_id=1643317878]
transform = Transform3D(1, 0, 0, 0, 0, 1, 0, -1, 0, 0, 0, 0)
shape = SubResource("CapsuleShape3D_2e5qg")

[node name="Physical Bone LowerArm_L" type="PhysicalBone3D" parent="EnemyModel/RootNode/CharacterArmature/Skeleton3D/PhysicalBoneSimulator3D" unique_id=1796675609]
transform = Transform3D(-0.5488755, 0.59057426, -0.5915724, -0.81843984, -0.5235914, 0.23666085, -0.16997643, 0.6140638, 0.7707359, 1.08046, 0.14022183, 0.83804786)
joint_type = 1
joint_offset = Transform3D(1, 0, 0, 0, 1, 0, 0, 0, 1, 2.3011362e-05, -2.6901673e-05, 0.26704288)
body_offset = Transform3D(1, -3.874302e-07, -1.4901161e-08, 1.937151e-07, 0, -1, 2.682209e-07, 1.0000004, 2.9802322e-07, -2.3007393e-05, 0.26704288, 2.682209e-05)
bone_name = "LowerArm.L"
joint_constraints/bias = 0.3
joint_constraints/damping = 1.0
joint_constraints/impulse_clamp = 0.0

[node name="CollisionShape3D" type="CollisionShape3D" parent="EnemyModel/RootNode/CharacterArmature/Skeleton3D/PhysicalBoneSimulator3D/Physical Bone LowerArm_L" unique_id=701209542]
transform = Transform3D(1, 0, 0, 0, 0, 1, 0, -1, 0, 0, 0, 0)
shape = SubResource("CapsuleShape3D_y78n5")

[node name="Physical Bone Shoulder_R" type="PhysicalBone3D" parent="EnemyModel/RootNode/CharacterArmature/Skeleton3D/PhysicalBoneSimulator3D" unique_id=280310081]
transform = Transform3D(0.66308695, -0.050998528, 0.7468032, -0.14757217, -0.98700255, 0.06362787, 0.73385173, -0.15239817, -0.6619944, -0.27346495, 0.06225489, 1.5716494)
joint_type = 1
joint_offset = Transform3D(1, 0, 0, 0, 1, 0, 0, 0, 1, 3.6739518e-08, -2.2720524e-08, 0.12976572)
body_offset = Transform3D(1.0000002, -5.364418e-07, -2.8312206e-07, -1.4156103e-07, 1.7508864e-07, -1.0000002, 5.5134296e-07, 1, 1.7508864e-07, 0, 0.12976575, 0)
bone_name = "Shoulder.R"
joint_constraints/bias = 0.3
joint_constraints/damping = 1.0
joint_constraints/impulse_clamp = 0.0

[node name="CollisionShape3D" type="CollisionShape3D" parent="EnemyModel/RootNode/CharacterArmature/Skeleton3D/PhysicalBoneSimulator3D/Physical Bone Shoulder_R" unique_id=1507283035]
transform = Transform3D(1, 0, 0, 0, 0, 1, 0, -1, 0, 0, 0, 0)
shape = SubResource("CapsuleShape3D_ah6y7")

[node name="Physical Bone UpperArm_R" type="PhysicalBone3D" parent="EnemyModel/RootNode/CharacterArmature/Skeleton3D/PhysicalBoneSimulator3D" unique_id=867769079]
transform = Transform3D(0.10753515, -0.74521184, 0.6581, 0.9838912, -0.0153137315, -0.17811105, 0.14280842, 0.66665196, 0.73156065, -0.64641494, 0.1287067, 1.3507001)
joint_type = 1
joint_offset = Transform3D(1, 0, 0, 0, 1, 0, 0, 0, 1, 2.3841856e-07, -7.827521e-08, 0.4194504)
body_offset = Transform3D(1, -1.0384247e-07, 0, -4.4703484e-08, -3.608875e-09, -1.0000001, 2.4680048e-08, 1.0000002, 1.8661376e-07, -2.3841858e-07, 0.41945046, 0)
bone_name = "UpperArm.R"
joint_constraints/bias = 0.3
joint_constraints/damping = 1.0
joint_constraints/impulse_clamp = 0.0

[node name="CollisionShape3D" type="CollisionShape3D" parent="EnemyModel/RootNode/CharacterArmature/Skeleton3D/PhysicalBoneSimulator3D/Physical Bone UpperArm_R" unique_id=1453785944]
transform = Transform3D(1, 0, 0, 0, 0, 1, 0, -1, 0, 0, 0, 0)
shape = SubResource("CapsuleShape3D_5u8p5")

[node name="Physical Bone LowerArm_R" type="PhysicalBone3D" parent="EnemyModel/RootNode/CharacterArmature/Skeleton3D/PhysicalBoneSimulator3D" unique_id=299233448]
transform = Transform3D(-0.54887605, -0.59057474, 0.5915713, 0.81843954, -0.5235918, 0.23666096, 0.16997583, 0.61406285, 0.77073675, -1.080421, 0.14022124, 0.83804)
joint_type = 1
joint_offset = Transform3D(1, 0, 0, 0, 1, 0, 0, 0, 1, -5.6835427e-07, -3.2611737e-07, 0.26702648)
body_offset = Transform3D(1, -8.940697e-08, 3.427267e-07, 2.2351742e-07, 5.5879354e-07, -1.0000002, 1.4901161e-07, 1.0000002, 7.748604e-07, 4.7683716e-07, 0.26702654, 1.1920929e-07)
bone_name = "LowerArm.R"
joint_constraints/bias = 0.3
joint_constraints/damping = 1.0
joint_constraints/impulse_clamp = 0.0

[node name="CollisionShape3D" type="CollisionShape3D" parent="EnemyModel/RootNode/CharacterArmature/Skeleton3D/PhysicalBoneSimulator3D/Physical Bone LowerArm_R" unique_id=1203720661]
transform = Transform3D(1, 0, 0, 0, 0, 1, 0, -1, 0, 0, 0, 0)
shape = SubResource("CapsuleShape3D_h7ksf")

[node name="Physical Bone UpperLeg_L" type="PhysicalBone3D" parent="EnemyModel/RootNode/CharacterArmature/Skeleton3D/PhysicalBoneSimulator3D" unique_id=4863575]
transform = Transform3D(0.9998387, 0.00865751, -0.015736144, 0.00048727728, 0.86275595, 0.5056204, 0.017953865, -0.5055465, 0.86261255, 0.343691, 0.11262219, 0.6539284)
joint_type = 1
joint_offset = Transform3D(1, 0, 0, 0, 1, 0, 0, 0, 1, 1.4663309e-08, -2.1198193e-08, 0.21134208)
body_offset = Transform3D(1.000024, 7.916242e-08, -6.938353e-08, -6.938353e-08, 2.9802322e-08, -1.0000165, -7.916242e-08, 1.0000684, 2.9802322e-08, 0, 0.21134555, 1.4901161e-08)
bone_name = "UpperLeg.L"
joint_constraints/bias = 0.3
joint_constraints/damping = 1.0
joint_constraints/impulse_clamp = 0.0

[node name="CollisionShape3D" type="CollisionShape3D" parent="EnemyModel/RootNode/CharacterArmature/Skeleton3D/PhysicalBoneSimulator3D/Physical Bone UpperLeg_L" unique_id=636664984]
transform = Transform3D(1, 0, 0, 0, 0, 1, 0, -1, 0, 0, 0, 0)
shape = SubResource("CapsuleShape3D_um86q")

[node name="Physical Bone UpperLeg_R" type="PhysicalBone3D" parent="EnemyModel/RootNode/CharacterArmature/Skeleton3D/PhysicalBoneSimulator3D" unique_id=933660997]
transform = Transform3D(0.9998387, -0.008656956, 0.015736159, -0.0004876647, 0.86275864, 0.5056157, -0.0179536, -0.50554186, 0.8626153, -0.34372765, 0.112598665, 0.65390825)
joint_type = 1
joint_offset = Transform3D(1, 0, 0, 0, 1, 0, 0, 0, 1, 3.6213954e-05, 1.0902617e-05, 0.21137196)
body_offset = Transform3D(1.0000238, 0, 1.17346644e-07, 1.2014061e-07, -5.00679e-06, -1.0000161, 9.313226e-10, 1.000068, -5.1259995e-06, -3.6239624e-05, 0.21137536, -9.819865e-06)
bone_name = "UpperLeg.R"
joint_constraints/bias = 0.3
joint_constraints/damping = 1.0
joint_constraints/impulse_clamp = 0.0

[node name="CollisionShape3D" type="CollisionShape3D" parent="EnemyModel/RootNode/CharacterArmature/Skeleton3D/PhysicalBoneSimulator3D/Physical Bone UpperLeg_R" unique_id=1051550448]
transform = Transform3D(1, 0, 0, 0, 0, 1, 0, -1, 0, 0, 0, 0)
shape = SubResource("CapsuleShape3D_d8xg8")

[node name="AnimationPlayer" parent="EnemyModel" index="1" unique_id=1019426003]
speed_scale = 2.71

[editable path="EnemyModel"]
